Epoch	AUC_dev	PR_AUC	ACC	BACC	PREC	TPR	KAPPA	RECALL
0	0.74157637137596	0.7237893274479436	0.653242045912203	0.6586526349689508	0.6009334889148191	0.8533554266777134	0.31374205640836816	0.8533554266777134
1	0.8082417610958021	0.808080091368962	0.6480064438179621	0.6391325548719201	0.8792710706150342	0.31980115990057995	0.2831361040567216	0.31980115990057995
2	0.8102016580397006	0.8057919193943488	0.7297623842126459	0.728287899998182	0.7449725776965265	0.6752278376139188	0.45773445247743916	0.6752278376139188
3	0.8120833149366418	0.8047182086927407	0.7293596455900121	0.7262384003449055	0.7824709609292503	0.6139188069594035	0.4551275436563864	0.6139188069594035
5	0.8133260655580171	0.8105551662640567	0.7325815545710833	0.7295524020019064	0.7842931937172775	0.6205468102734052	0.46171114991269635	0.6205468102734052
6	0.8166881150446845	0.8154578111332269	0.739025372533226	0.736180405315908	0.787847579814624	0.6338028169014085	0.47487124589586094	0.6338028169014085
7	0.8183606989530767	0.8165504267696719	0.7366089407974225	0.7342773216841154	0.7718780727630286	0.6503728251864126	0.4705573962050813	0.6503728251864126
8	0.8211692244560856	0.8183962066214652	0.7358034635521546	0.7336728280433106	0.7661835748792271	0.6570008285004143	0.46915326444174743	0.6570008285004143
9	0.8234037731830779	0.8221890040793187	0.7406363270237616	0.7389574400116353	0.761860465116279	0.6785418392709196	0.47933221236563694	0.6785418392709196
10	0.8274751774523222	0.8231733130501302	0.7454691904953685	0.7438164391104138	0.7669452181987001	0.6843413421706711	0.4890570554300565	0.6843413421706711
11	0.834756046884293	0.8290992024653112	0.7454691904953685	0.7437268364010358	0.7689429373246024	0.6810273405136703	0.4889652077576039	0.6810273405136703
12	0.8385797451127566	0.832852105801504	0.7482883608538059	0.7465369851415333	0.7724719101123596	0.6835128417564209	0.4946140471486218	0.6835128417564209
13	0.8451551555321232	0.8387069967849063	0.7531212243254128	0.7516647923684463	0.7714808043875686	0.6992543496271748	0.5046068843050227	0.6992543496271748
14	0.8512935904195225	0.8456061021857091	0.7583568264196536	0.7568484389649719	0.7786960514233241	0.7025683512841756	0.5150583212515649	0.7025683512841756
15	0.8563317949370574	0.8514419474892253	0.7688280306081353	0.7676189443502246	0.7838565022421524	0.724109362054681	0.5363432182271735	0.724109362054681
16	0.8649791056870451	0.8601378836969376	0.7760773258155457	0.7752098521425437	0.7842794759825328	0.743993371996686	0.5511852134567583	0.743993371996686
17	0.8699867933397917	0.8643403847367901	0.7849375755134917	0.7846145655047749	0.7820620284995808	0.7729908864954432	0.5694077026646982	0.7729908864954432
18	0.8749750021426734	0.869996489754123	0.7901731776077325	0.7897758114239559	0.7892074198988196	0.7754763877381938	0.5798243804840499	0.7754763877381938
19	0.8787155906117137	0.8728905699053865	0.7933950865888039	0.7927762035981332	0.7975986277873071	0.7705053852526926	0.5860906891615908	0.7705053852526926
20	0.882747712533731	0.8751078058581325	0.7986306886830447	0.798519867128272	0.791907514450867	0.7945318972659486	0.5969862426717394	0.7945318972659486
21	0.8867827562832277	0.88060757512777	0.8050745066451873	0.8053046751836856	0.7912973408541499	0.8135874067937034	0.6101446501503596	0.8135874067937034
22	0.8910823877433881	0.8837524701962656	0.8131292790978655	0.8134328745847759	0.7979149959903769	0.824357912178956	0.6263045633118651	0.824357912178956
23	0.8921027548288069	0.8847891528865817	0.8107128473620621	0.8104545584404453	0.8078529657477026	0.8011599005799502	0.621048235892367	0.8011599005799502
25	0.8983369607280416	0.8919667318104281	0.8123238018525977	0.8123579667197358	0.802943581357318	0.8135874067937034	0.6244921086997723	0.8135874067937034
26	0.8989537909737606	0.8913419698911966	0.8115183246073299	0.8120222812070654	0.792094861660079	0.8301574150787076	0.6232348312369945	0.8301574150787076
27	0.9003007534419126	0.8921053361502673	0.8103101087394281	0.810488321780211	0.7977346278317152	0.8169014084507042	0.6205735068204714	0.8169014084507042
29	0.9013019663249643	0.893744009887117	0.8175594039468385	0.8175192126389167	0.8100328947368421	0.816072908036454	0.6349104234659846	0.816072908036454
30	0.9025755584586257	0.8959155720911499	0.8131292790978655	0.8136792820355658	0.7927501970055162	0.8334714167357083	0.6264884705735891	0.8334714167357083
31	0.9045601286123528	0.8972759156308521	0.8139347563431333	0.8142613749990261	0.7982385908726981	0.8260149130074566	0.6279319737334594	0.8260149130074566
34	0.9060109782797838	0.898042624166225	0.8215867901731776	0.822624943835983	0.7911585365853658	0.859983429991715	0.6437357753451083	0.859983429991715
37	0.9079001020691732	0.8997918528432397	0.8211840515505437	0.8213146665350762	0.809910641754671	0.8260149130074566	0.6422840307340878	0.8260149130074566
42	0.9091915498152107	0.9009011021274302	0.8276278695126863	0.8284130840733133	0.8021722265321956	0.8566694283347142	0.6556218854527107	0.8566694283347142
43	0.9106342832951981	0.9034515117343168	0.828836085380588	0.8293870265665539	0.8083596214511041	0.8492129246064622	0.6578751054069852	0.8492129246064622
46	0.9138963413525595	0.906386089653966	0.8320579943616593	0.832208213321975	0.8206168831168831	0.8376139188069595	0.6640445504510237	0.8376139188069595
47	0.9150423470196061	0.9083583828901719	0.8328634716069271	0.8328799089948133	0.8245901639344262	0.8334714167357083	0.6655659993100004	0.8334714167357083
50	0.9185946399399533	0.9123632763493401	0.8401127668143374	0.8395971903706955	0.8455631399317406	0.8210439105219552	0.6797273030613262	0.8210439105219552
55	0.9192108208906768	0.91376274710312	0.8364881192106323	0.8365633595042503	0.8269387755102041	0.8392709196354599	0.6728554155013815	0.8392709196354599
59	0.9196588344375677	0.9150207428402823	0.8397100281917036	0.840078967257352	0.8233413269384492	0.8533554266777134	0.6794882106833587	0.8533554266777134
60	0.9212359719816224	0.917002104546784	0.842529198550141	0.842620307869715	0.83278955954323	0.8458989229494615	0.6849490925906395	0.8458989229494615
62	0.9234396791963286	0.9200497313980596	0.8449456302859444	0.8445233915015077	0.8483050847457627	0.8293289146644574	0.6894637833082824	0.8293289146644574
75	0.9236679063872448	0.9199922865046806	0.8405155054369714	0.8397202317723416	0.8535309503051438	0.8111019055509527	0.6803548881644563	0.8111019055509527
83	0.9239104180680618	0.918327720133624	0.842126459927507	0.8429004786602707	0.8166278166278166	0.8707539353769677	0.6845741633244582	0.8707539353769677
84	0.9254963210945556	0.9213596488058746	0.8449456302859444	0.8451506104671548	0.8325242718446602	0.8525269262634632	0.6898530788235275	0.8525269262634632
85	0.9261576280474662	0.921076219304237	0.8497784937575513	0.8505472258222022	0.8242612752721618	0.8782104391052196	0.6998559491074192	0.8782104391052196
86	0.9270383967088536	0.9220505404895034	0.8497784937575513	0.849494393987009	0.8498322147651006	0.8392709196354599	0.6992237342529575	0.8392709196354599
90	0.9285801476756538	0.9248719813575214	0.8473620620217479	0.8477705157739727	0.8301435406698564	0.8624689312344657	0.6948095139722401	0.8624689312344657
128	0.9295495451039262	0.9261882559096158	0.8461538461538461	0.8464157617658746	0.8323932312651088	0.855840927920464	0.6923042486723912	0.855840927920464
161	0.929812834224599	0.9277144990245747	0.8542086186065244	0.8542079510067968	0.8471651602300739	0.8541839270919636	0.7082572475927911	0.8541839270919636
164	0.9301290408874046	0.9283015086527087	0.8509867096254531	0.851140356800586	0.8399675060926076	0.8566694283347142	0.7019033589450732	0.8566694283347142
172	0.9302754569088882	0.9271327045759684	0.8493757551349175	0.8495281573267746	0.8383428107229894	0.8550124275062138	0.6986806925552902	0.8550124275062138
177	0.9309932525264069	0.9289175383305974	0.8534031413612565	0.8532002451737903	0.8515429524603837	0.8458989229494615	0.7065271038330857	0.8458989229494615
193	0.9315104159903177	0.9290449505056101	0.8538058799838905	0.8540177075731171	0.8414239482200647	0.8616404308202155	0.7075757600336117	0.8616404308202155
